4 89200 30500 3488 5 3.9 
7 160900 121200 8616 5 1.5 
7 121800 93200 4455 5 7.8 
16 535800 165200 15300 5 14.3 
65 1321600 528400 49274 5 31.2 
181 4003100 1565200 101560 5 416 
24 583600 112700 25090 5 78 
7 194700 148100 6680 5 20.8 
42 655500 212800 16200 5 16 
67 3245300 699700 72396 5 153.5 
7 229500 52600 3960 5 31.18 
15 219800 126800 8640 5 3.9 
17 100500 109600 6052 5 16.9 
2 74600 63300 2400 5 2.6 
7 165300 26000 8064 5 2.6 
10 295800 95900 6592 5 10.4 
2 14600 20700 1905 5 0.39 
6 47800 43200 2146 5 0.19 
23 242600 19800 6400 5 33.8 
6 54300 12000 2240 5 2 
1 46900 32500 2000 5 13.5 
10 91100 77100 4900 5 1.16 
2 24300 154600 5560 5 1.54 
2 18200 12800 1000 5 1.45 
3 15000 37300 1344 5 6.5 
2 57100 27700 1872 5 0.13 
3 99800 34600 7200 5 7.8 
24 200600 18900 7874 5 9.7 
4 196300 47000 4992 5 13 
6 66400 30700 5780 5 2.4 
4 114500 61400 5235 5 11.7 
7 341900 31300 12100 5 7.8 
3 90400 14900 6900 5 2.6 
3 51300 65400 4288 5 0.75 
8 105900 21600 2652 2 6.5 
45 217400 57600 12325 2 37.41 
10 74100 18800 4410 2 2.6 
180 1062300 117600 42088 2 212.57 
180 1401000 73800 57992 2 20.8 
7 196900 89100 17280 2 0.9 
90 2329800 428200 79244 2 520 
5 74000 25000 4900 2 2.6 
4 90100 18000 4752 2 5.2 
6 331700 41500 13600 2 5.2 
20 293600 46400 9900 2 15.6 
145 1707600 196400 69700 2 62.35 
5 361400 49400 15204 2 1.3 
3 147500 37500 14260 2 2.6 
42 395800 202300 27550 2 13 
2 34000 17900 1820 2 0.19 
24 407900 106600 20940 2 15.59 
50 304300 87000 16592 2 13 
4 108500 31300 6237 2 0.65 
29 390900 41800 16000 2 3.9 
11 164400 33400 8494 2 2.6 
1 140800 20700 9256 2 0.09 
200 1227700 56800 76500 2 208 
9 329300 22000 12000 2 5.2 
58 499900 250100 42000 6 57.29 
3 68400 26500 3840 6 1.3 
15 96700 39300 4000 6 52 
55 125100 14000 8500 6 5.2 
2 931300 246200 65600 6 15.6 
6 496700 39100 8374 6 2.6 
40 422000 346500 22400 6 10.4 
57 1147100 629800 154560 6 104 
5 104800 30800 6000 6 10.4 
21 299300 54100 12620 6 20.8 
11 463900 234200 17705 6 1.8 
18 248800 25900 13026 6 15.6 
22 356400 40000 22900 6 20.8 
7 137400 17000 7260 6 8 
6 211400 29200 7200 6 1.3 
20 364400 230600 12000 6 23.4 
22 32300 13500 2494 6 20.8 
4 92200 29600 5060 6 5.2 
3000 22996600 2530900 788876 3 109.2 
450 2599100 691600 55200 3 46.8 
100 604500 55000 57287 3 19.4 
10 413800 96700 7262 3 5.2 
94 733200 160000 16072 3 130 
34 391600 43200 6298 3 12.98 
30 194600 62800 5141 3 15.59 
43 213900 76500 7040 3 5.2 
24 265000 60000 5980 3 2.6 
16 260700 198300 5570 3 5.2 
10 120300 223300 2012 3 2.6 
7 54800 16200 1218 3 2.6 
88 2046400 322800 31269 3 46.8 
7 175100 39200 7344 3 15.6 
138 1668900 233900 32127 3 31.2 
15 318700 182100 1920 3 31.2 
24 243800 177400 2721 3 10.4 
6 213000 51000 2480 3 2.6 
118 331400 52200 32105 3 31.2 
58 578300 121700 18240 3 10.4 
8 124900 22000 6769 3 9.1 
7 45300 29700 913 3 1 
95 1428000 77300 27506 3 18.36 
275 3142600 126000 52128 3 31.18 
2 45700 17200 1126 3 0.2 
40 187000 63000 5377 3 3.9 
65 485000 100000 16072 3 23.4 
6 11700 10200 1224 6 20.8 
5 85400 68300 2142 6 5.2 
6 216100 45100 8150 6 3.64 
6 84000 20300 4020 6 15.6 
15 468900 79200 22100 6 5.2 
2 52200 48800 3150 6 0.77 
7 152200 45700 7216 6 15.6 
11 71100 24600 1025 6 2.6 
14 292500 103000 4585 6 10.4 
7 48800 11000 4902 6 5.2 
2 44100 70300 1588 6 1.95 
4 72000 40500 5544 6 2.34 
15 290900 351400 11271 6 36 
8 116200 45500 5928 6 7.8 
5 105900 41400 4296 6 7.8 
6 66900 29500 3024 6 10.4 
4 210700 158600 3948 6 2.6 
2 41200 27900 2400 6 1.95 
13 409500 101200 13220 6 5.2 
2 76700 19900 4292 6 5.2 
8 51400 89900 8120 6 2.6 
1 43200 24300 2880 6 2.6 
3 56400 30400 3316 6 5.2 
4 33100 22000 2480 6 3.9 
2 40900 36000 3460 6 1.95 
24 424000 149400 7704 4 46.8 
42 443400 291000 10999 4 124.8 
16 93900 64200 1333 4 10.4 
28 328700 15600 6155 4 51.84 
11 90800 22000 1560 4 13.95 
15 260300 73900 6200 4 14 
43 583000 291300 8413 4 31.2 
15 156600 95000 5471 4 31.18 
15 202500 158200 3319 4 31.18 
1 42400 6300 968 4 0.39 
10 42400 53900 1171 4 10.4 
15 212300 135600 2840 4 46.8 
50 321600 212300 6068 4 31.2 
14 277200 120400 11620 4 13 
4 360700 165400 8570 5 20.78 
9 158400 47800 7400 5 20.8 
17 501300 70600 17000 5 10.4 
1 30300 31600 2482 5 0.2 
36 405000 290900 31500 5 5.2 
